{
 "cells": [
  {
   "cell_type": "code",
   "execution_count": 1,
   "id": "dacb83bc",
   "metadata": {},
   "outputs": [],
   "source": [
    "%load_ext autoreload\n",
    "%autoreload 2"
   ]
  },
  {
   "cell_type": "markdown",
   "id": "c0831f17",
   "metadata": {},
   "source": [
    "# Simplified Self-attention"
   ]
  },
  {
   "cell_type": "code",
   "execution_count": 2,
   "id": "12841a99",
   "metadata": {},
   "outputs": [],
   "source": [
    "import torch\n",
    "\n",
    "inputs = torch.tensor(\n",
    "  [[0.43, 0.15, 0.89], # Your     (x^1)\n",
    "   [0.55, 0.87, 0.66], # journey  (x^2)\n",
    "   [0.57, 0.85, 0.64], # starts   (x^3)\n",
    "   [0.22, 0.58, 0.33], # with     (x^4)\n",
    "   [0.77, 0.25, 0.10], # one      (x^5)\n",
    "   [0.05, 0.80, 0.55]] # step     (x^6)\n",
    ")"
   ]
  },
  {
   "cell_type": "code",
   "execution_count": 3,
   "id": "a8aed716",
   "metadata": {},
   "outputs": [
    {
     "name": "stdout",
     "output_type": "stream",
     "text": [
      "tensor([0.9544, 1.4950, 1.4754, 0.8434, 0.7070, 1.0865])\n"
     ]
    }
   ],
   "source": [
    "query = inputs[1] # the second input token embedding \"journey\"\n",
    "attn_scores_2 = torch.empty(inputs.shape[0])\n",
    "for i, x_i in enumerate(inputs):\n",
    "    attn_scores_2[i] = torch.dot(x_i, query)\n",
    "print(attn_scores_2)"
   ]
  },
  {
   "cell_type": "code",
   "execution_count": 4,
   "id": "0489ca6e",
   "metadata": {},
   "outputs": [],
   "source": [
    "# The above are the un-normalized attention scores, we have to normalize them for a better representation of the attention scores"
   ]
  },
  {
   "cell_type": "code",
   "execution_count": 5,
   "id": "e15dc83e",
   "metadata": {},
   "outputs": [
    {
     "name": "stdout",
     "output_type": "stream",
     "text": [
      "Attention weights: tensor([0.1455, 0.2278, 0.2249, 0.1285, 0.1077, 0.1656])\n",
      "Sum: 1.0000001192092896\n"
     ]
    }
   ],
   "source": [
    "attn_weights_2_tmp = attn_scores_2 / attn_scores_2.sum()\n",
    "print(f'Attention weights: {attn_weights_2_tmp}' )\n",
    "print(f'Sum: {attn_weights_2_tmp.sum()}')"
   ]
  },
  {
   "cell_type": "code",
   "execution_count": 6,
   "id": "024f21e2",
   "metadata": {},
   "outputs": [
    {
     "name": "stdout",
     "output_type": "stream",
     "text": [
      "Attention weights: tensor([0.1385, 0.2379, 0.2333, 0.1240, 0.1082, 0.1581])\n",
      "Sum: 1.0\n"
     ]
    }
   ],
   "source": [
    "def softmax_naive(x):\n",
    "    return torch.exp(x) / torch.exp(x).sum(dim=0)\n",
    "\n",
    "attn_weights_2_naive = softmax_naive(attn_scores_2)\n",
    "print(f'Attention weights: {attn_weights_2_naive}')\n",
    "print(f'Sum: {attn_weights_2_naive.sum()}')"
   ]
  },
  {
   "cell_type": "code",
   "execution_count": 7,
   "id": "1f8c6c07",
   "metadata": {},
   "outputs": [
    {
     "name": "stdout",
     "output_type": "stream",
     "text": [
      "Attention weights: tensor([0.1385, 0.2379, 0.2333, 0.1240, 0.1082, 0.1581])\n",
      "Sum: 1.0\n"
     ]
    }
   ],
   "source": [
    "attn_weights_2 = torch.softmax(attn_scores_2, dim=0)\n",
    "print(f\"Attention weights: {attn_weights_2}\")\n",
    "print(f\"Sum: {attn_weights_2.sum()}\")"
   ]
  },
  {
   "cell_type": "code",
   "execution_count": 8,
   "id": "c6884f64",
   "metadata": {},
   "outputs": [
    {
     "name": "stdout",
     "output_type": "stream",
     "text": [
      "tensor([0.4419, 0.6515, 0.5683])\n"
     ]
    }
   ],
   "source": [
    "query = inputs[1]\n",
    "context_vec_2 = torch.zeros(query.shape)\n",
    "for i, x_i in enumerate(inputs):\n",
    "    context_vec_2 += attn_weights_2[i]*x_i\n",
    "print(context_vec_2)"
   ]
  },
  {
   "cell_type": "markdown",
   "id": "763cf12f",
   "metadata": {},
   "source": [
    "## Generalizing the 3 step process to get context vectors for all input embeddings"
   ]
  },
  {
   "cell_type": "code",
   "execution_count": 9,
   "id": "5fd22296",
   "metadata": {},
   "outputs": [
    {
     "data": {
      "text/plain": [
       "torch.Size([6, 3])"
      ]
     },
     "execution_count": 9,
     "metadata": {},
     "output_type": "execute_result"
    }
   ],
   "source": [
    "inputs.shape"
   ]
  },
  {
   "cell_type": "code",
   "execution_count": 10,
   "id": "86b7d640",
   "metadata": {},
   "outputs": [
    {
     "name": "stdout",
     "output_type": "stream",
     "text": [
      "tensor([[0.9995, 0.9544, 0.9422, 0.4753, 0.4576, 0.6310],\n",
      "        [0.9544, 1.4950, 1.4754, 0.8434, 0.7070, 1.0865],\n",
      "        [0.9422, 1.4754, 1.4570, 0.8296, 0.7154, 1.0605],\n",
      "        [0.4753, 0.8434, 0.8296, 0.4937, 0.3474, 0.6565],\n",
      "        [0.4576, 0.7070, 0.7154, 0.3474, 0.6654, 0.2935],\n",
      "        [0.6310, 1.0865, 1.0605, 0.6565, 0.2935, 0.9450]])\n"
     ]
    }
   ],
   "source": [
    "attn_scores = torch.empty(inputs.size(0), inputs.size(0))\n",
    "\n",
    "for i, x_i in enumerate(inputs):\n",
    "    query = x_i\n",
    "    for j, x_j in enumerate(inputs):\n",
    "        attn_scores[i, j] = torch.dot(x_j, query) \n",
    "\n",
    "print(attn_scores)"
   ]
  },
  {
   "cell_type": "code",
   "execution_count": 11,
   "id": "13f4d62a",
   "metadata": {},
   "outputs": [
    {
     "name": "stdout",
     "output_type": "stream",
     "text": [
      "tensor([[0.9995, 0.9544, 0.9422, 0.4753, 0.4576, 0.6310],\n",
      "        [0.9544, 1.4950, 1.4754, 0.8434, 0.7070, 1.0865],\n",
      "        [0.9422, 1.4754, 1.4570, 0.8296, 0.7154, 1.0605],\n",
      "        [0.4753, 0.8434, 0.8296, 0.4937, 0.3474, 0.6565],\n",
      "        [0.4576, 0.7070, 0.7154, 0.3474, 0.6654, 0.2935],\n",
      "        [0.6310, 1.0865, 1.0605, 0.6565, 0.2935, 0.9450]])\n"
     ]
    }
   ],
   "source": [
    "# The above is literally just matrix multiplication, we'll use matmul instead of slow for loops\n",
    "\n",
    "attn_scores = inputs @ inputs.T\n",
    "print(attn_scores)"
   ]
  },
  {
   "cell_type": "code",
   "execution_count": 12,
   "id": "b97e5a4f",
   "metadata": {},
   "outputs": [
    {
     "data": {
      "text/plain": [
       "tensor([[0.2098, 0.2006, 0.1981, 0.1242, 0.1220, 0.1452],\n",
       "        [0.1385, 0.2379, 0.2333, 0.1240, 0.1082, 0.1581],\n",
       "        [0.1390, 0.2369, 0.2326, 0.1242, 0.1108, 0.1565],\n",
       "        [0.1435, 0.2074, 0.2046, 0.1462, 0.1263, 0.1720],\n",
       "        [0.1526, 0.1958, 0.1975, 0.1367, 0.1879, 0.1295],\n",
       "        [0.1385, 0.2184, 0.2128, 0.1420, 0.0988, 0.1896]])"
      ]
     },
     "execution_count": 12,
     "metadata": {},
     "output_type": "execute_result"
    }
   ],
   "source": [
    "# we have the attention scores, now step 2 normalize them\n",
    "attn_weights = torch.softmax(attn_scores, dim=-1)\n",
    "attn_weights"
   ]
  },
  {
   "cell_type": "code",
   "execution_count": 13,
   "id": "4ff99a1d",
   "metadata": {},
   "outputs": [
    {
     "data": {
      "text/plain": [
       "tensor([[0.4421, 0.5931, 0.5790],\n",
       "        [0.4419, 0.6515, 0.5683],\n",
       "        [0.4431, 0.6496, 0.5671],\n",
       "        [0.4304, 0.6298, 0.5510],\n",
       "        [0.4671, 0.5910, 0.5266],\n",
       "        [0.4177, 0.6503, 0.5645]])"
      ]
     },
     "execution_count": 13,
     "metadata": {},
     "output_type": "execute_result"
    }
   ],
   "source": [
    "# we have the normalized attn weights now step 3 sum them up to get the context vector for each input\n",
    "context_vecs = attn_weights @ inputs\n",
    "context_vecs"
   ]
  },
  {
   "cell_type": "markdown",
   "id": "7781c77e",
   "metadata": {},
   "source": [
    "# Implementing self-attention with trainable weights"
   ]
  },
  {
   "cell_type": "markdown",
   "id": "5a58945d",
   "metadata": {},
   "source": [
    "In self-attention we introduce trainable attention weights. There are three trainable weight matrics: W_q, W_k, W_v. These are used to project the input tokens into query, key, and value vectors."
   ]
  },
  {
   "cell_type": "code",
   "execution_count": 14,
   "id": "039ecb0d",
   "metadata": {},
   "outputs": [],
   "source": [
    "x_2 = inputs[1]\n",
    "d_in = inputs.shape[1]\n",
    "d_out = 2"
   ]
  },
  {
   "cell_type": "code",
   "execution_count": 15,
   "id": "2a155461",
   "metadata": {},
   "outputs": [],
   "source": [
    "# Creating the weight matrics\n",
    "torch.manual_seed(123)\n",
    "\n",
    "w_query = torch.nn.Parameter(torch.rand(d_in, d_out), requires_grad=False)\n",
    "w_key   = torch.nn.Parameter(torch.rand(d_in, d_out), requires_grad=False)\n",
    "w_value = torch.nn.Parameter(torch.rand(d_in, d_out), requires_grad=False)"
   ]
  },
  {
   "cell_type": "code",
   "execution_count": 16,
   "id": "432e18b3",
   "metadata": {},
   "outputs": [
    {
     "name": "stdout",
     "output_type": "stream",
     "text": [
      "tensor([0.4306, 1.4551])\n"
     ]
    }
   ],
   "source": [
    "query_2 = x_2 @ w_query\n",
    "key_2 = x_2 @ w_key\n",
    "value_2 = x_2 @ w_value\n",
    "print(query_2)"
   ]
  },
  {
   "cell_type": "code",
   "execution_count": 17,
   "id": "fa1ae40b",
   "metadata": {},
   "outputs": [
    {
     "name": "stdout",
     "output_type": "stream",
     "text": [
      "keys.shape: torch.Size([6, 2])\n",
      "values.shape: torch.Size([6, 2])\n"
     ]
    }
   ],
   "source": [
    "keys = inputs @ w_key\n",
    "values = inputs @ w_value\n",
    "print(f\"keys.shape: {keys.shape}\")\n",
    "print(f\"values.shape: {values.shape}\")"
   ]
  },
  {
   "cell_type": "code",
   "execution_count": 18,
   "id": "5061602e",
   "metadata": {},
   "outputs": [
    {
     "name": "stdout",
     "output_type": "stream",
     "text": [
      "un-normalized attention score 1.8523844480514526\n"
     ]
    }
   ],
   "source": [
    "# Computing the attention scores w_22\n",
    "keys_2 = keys[1]\n",
    "attn_score_22 = torch.dot(query_2, keys_2)\n",
    "print(f\"un-normalized attention score {attn_score_22}\")"
   ]
  },
  {
   "cell_type": "code",
   "execution_count": 19,
   "id": "730e27ba",
   "metadata": {},
   "outputs": [
    {
     "name": "stdout",
     "output_type": "stream",
     "text": [
      "tensor([1.2705, 1.8524, 1.8111, 1.0795, 0.5577, 1.5440])\n"
     ]
    }
   ],
   "source": [
    "# Generalize to all attention scores via matrix multiplication\n",
    "attn_scores_2 = query_2 @ keys.T\n",
    "print(attn_scores_2)"
   ]
  },
  {
   "cell_type": "code",
   "execution_count": 20,
   "id": "bdb79c17",
   "metadata": {},
   "outputs": [
    {
     "name": "stdout",
     "output_type": "stream",
     "text": [
      "tensor([0.1500, 0.2264, 0.2199, 0.1311, 0.0906, 0.1820])\n"
     ]
    }
   ],
   "source": [
    "# Now we want the attention weights, we do softmax, but scale the attention scores by dividing them by the square root of the embedding dimension\n",
    "d_k = keys.shape[-1]\n",
    "attn_weights_2 = torch.softmax(attn_scores_2 / d_k**0.5, dim=-1)\n",
    "print(attn_weights_2)"
   ]
  },
  {
   "cell_type": "code",
   "execution_count": 21,
   "id": "4b88228a",
   "metadata": {},
   "outputs": [
    {
     "name": "stdout",
     "output_type": "stream",
     "text": [
      "tensor([0.3061, 0.8210])\n"
     ]
    }
   ],
   "source": [
    "# The last step is multiplying each value vector with its attention weight, then summing them to get the context vector (weighted sum)\n",
    "context_vec_2 = attn_weights_2 @ values\n",
    "print(context_vec_2)"
   ]
  },
  {
   "cell_type": "markdown",
   "id": "728c2ac8",
   "metadata": {},
   "source": [
    "## Generalization to compute all context vectors"
   ]
  },
  {
   "cell_type": "markdown",
   "id": "b6642424",
   "metadata": {},
   "source": [
    "### Now we will use the created self attention class v1 and v2"
   ]
  },
  {
   "cell_type": "code",
   "execution_count": 22,
   "id": "dac57af7",
   "metadata": {},
   "outputs": [
    {
     "name": "stdout",
     "output_type": "stream",
     "text": [
      "tensor([[0.2996, 0.8053],\n",
      "        [0.3061, 0.8210],\n",
      "        [0.3058, 0.8203],\n",
      "        [0.2948, 0.7939],\n",
      "        [0.2927, 0.7891],\n",
      "        [0.2990, 0.8040]], grad_fn=<MmBackward0>)\n"
     ]
    }
   ],
   "source": [
    "torch.manual_seed(123)\n",
    "from self_attention import SelfAttention_v1, SelfAttention_v2\n",
    "\n",
    "sa_v1 = SelfAttention_v1(d_in, d_out)\n",
    "print(sa_v1(inputs))"
   ]
  },
  {
   "cell_type": "code",
   "execution_count": 23,
   "id": "fb66441d",
   "metadata": {},
   "outputs": [
    {
     "name": "stdout",
     "output_type": "stream",
     "text": [
      "tensor([[-0.0739,  0.0713],\n",
      "        [-0.0748,  0.0703],\n",
      "        [-0.0749,  0.0702],\n",
      "        [-0.0760,  0.0685],\n",
      "        [-0.0763,  0.0679],\n",
      "        [-0.0754,  0.0693]], grad_fn=<MmBackward0>)\n"
     ]
    }
   ],
   "source": [
    "torch.manual_seed(789)\n",
    "sa_v2 = SelfAttention_v2(d_in, d_out)\n",
    "print(sa_v2(inputs))"
   ]
  },
  {
   "cell_type": "markdown",
   "id": "2e94daf7",
   "metadata": {},
   "source": [
    "### Excercise 3.1 Comparing self-attention v1 and self-attention v2"
   ]
  },
  {
   "cell_type": "code",
   "execution_count": 24,
   "id": "39a8f699",
   "metadata": {},
   "outputs": [
    {
     "name": "stdout",
     "output_type": "stream",
     "text": [
      "Parameter containing:\n",
      "tensor([[-0.2354,  0.2177],\n",
      "        [ 0.0191, -0.4919],\n",
      "        [-0.2867,  0.4232]], requires_grad=True)\n",
      "tensor([[-0.2354,  0.2177],\n",
      "        [ 0.0191, -0.4919],\n",
      "        [-0.2867,  0.4232]], grad_fn=<PermuteBackward0>)\n",
      "Parameter containing:\n",
      "tensor([[-0.4196,  0.2615],\n",
      "        [-0.4590, -0.2133],\n",
      "        [-0.3648,  0.2161]], requires_grad=True)\n",
      "tensor([[-0.4196,  0.2615],\n",
      "        [-0.4590, -0.2133],\n",
      "        [-0.3648,  0.2161]], grad_fn=<PermuteBackward0>)\n",
      "Parameter containing:\n",
      "tensor([[-0.4900, -0.1135],\n",
      "        [-0.3503, -0.4404],\n",
      "        [-0.2120,  0.3780]], requires_grad=True)\n",
      "tensor([[-0.4900, -0.1135],\n",
      "        [-0.3503, -0.4404],\n",
      "        [-0.2120,  0.3780]], grad_fn=<PermuteBackward0>)\n"
     ]
    }
   ],
   "source": [
    "torch.manual_seed(123)\n",
    "sa_v2 = SelfAttention_v2(d_in, d_out)\n",
    "w_query = torch.nn.Parameter(sa_v2.w_query.weight.T)\n",
    "w_key = torch.nn.Parameter(sa_v2.w_key.weight.T)\n",
    "w_value = torch.nn.Parameter(sa_v2.w_value.weight.T)\n",
    "print(w_query)\n",
    "print(sa_v2.w_query.weight.T)\n",
    "print(w_key)\n",
    "print(sa_v2.w_key.weight.T)\n",
    "print(w_value)\n",
    "print(sa_v2.w_value.weight.T)"
   ]
  },
  {
   "cell_type": "code",
   "execution_count": 25,
   "id": "404c701d",
   "metadata": {},
   "outputs": [],
   "source": [
    "# set the seed back to the previous one\n",
    "torch.manual_seed(789)\n",
    "sa_v2 = SelfAttention_v2(d_in, d_out)"
   ]
  },
  {
   "cell_type": "markdown",
   "id": "89d9b955",
   "metadata": {},
   "source": [
    "# Causal self-attention"
   ]
  },
  {
   "cell_type": "markdown",
   "id": "a59be434",
   "metadata": {},
   "source": [
    "### 4 step process: un-normalized attn scores -> normalized attn weights -> un-normalized masked attn scores -> normalized masked attn weights"
   ]
  },
  {
   "cell_type": "code",
   "execution_count": 26,
   "id": "783cb8f1",
   "metadata": {},
   "outputs": [
    {
     "name": "stdout",
     "output_type": "stream",
     "text": [
      "tensor([[0.1921, 0.1646, 0.1652, 0.1550, 0.1721, 0.1510],\n",
      "        [0.2041, 0.1659, 0.1662, 0.1496, 0.1665, 0.1477],\n",
      "        [0.2036, 0.1659, 0.1662, 0.1498, 0.1664, 0.1480],\n",
      "        [0.1869, 0.1667, 0.1668, 0.1571, 0.1661, 0.1564],\n",
      "        [0.1830, 0.1669, 0.1670, 0.1588, 0.1658, 0.1585],\n",
      "        [0.1935, 0.1663, 0.1666, 0.1542, 0.1666, 0.1529]],\n",
      "       grad_fn=<SoftmaxBackward0>)\n"
     ]
    }
   ],
   "source": [
    "# step 1 + 2\n",
    "queries = sa_v2.w_query(inputs)\n",
    "keys = sa_v2.w_key(inputs)\n",
    "attn_scores = queries @ keys.T\n",
    "attn_weights = torch.softmax(attn_scores / keys.shape[-1] ** 0.5, dim=-1)\n",
    "print(attn_weights)"
   ]
  },
  {
   "cell_type": "code",
   "execution_count": 27,
   "id": "ee18f726",
   "metadata": {},
   "outputs": [
    {
     "name": "stdout",
     "output_type": "stream",
     "text": [
      "tensor([[1., 0., 0., 0., 0., 0.],\n",
      "        [1., 1., 0., 0., 0., 0.],\n",
      "        [1., 1., 1., 0., 0., 0.],\n",
      "        [1., 1., 1., 1., 0., 0.],\n",
      "        [1., 1., 1., 1., 1., 0.],\n",
      "        [1., 1., 1., 1., 1., 1.]])\n"
     ]
    }
   ],
   "source": [
    "# step 3\n",
    "context_length = attn_scores.shape[0]\n",
    "mask_simple = torch.tril(torch.ones(context_length, context_length))\n",
    "print(mask_simple)"
   ]
  },
  {
   "cell_type": "code",
   "execution_count": 28,
   "id": "b19a52a3",
   "metadata": {},
   "outputs": [
    {
     "name": "stdout",
     "output_type": "stream",
     "text": [
      "tensor([[0.1921, 0.0000, 0.0000, 0.0000, 0.0000, 0.0000],\n",
      "        [0.2041, 0.1659, 0.0000, 0.0000, 0.0000, 0.0000],\n",
      "        [0.2036, 0.1659, 0.1662, 0.0000, 0.0000, 0.0000],\n",
      "        [0.1869, 0.1667, 0.1668, 0.1571, 0.0000, 0.0000],\n",
      "        [0.1830, 0.1669, 0.1670, 0.1588, 0.1658, 0.0000],\n",
      "        [0.1935, 0.1663, 0.1666, 0.1542, 0.1666, 0.1529]],\n",
      "       grad_fn=<MulBackward0>)\n"
     ]
    }
   ],
   "source": [
    "masked_simple = attn_weights * mask_simple\n",
    "print(masked_simple)"
   ]
  },
  {
   "cell_type": "code",
   "execution_count": 29,
   "id": "c9bbd34b",
   "metadata": {},
   "outputs": [
    {
     "name": "stdout",
     "output_type": "stream",
     "text": [
      "tensor([[1.0000, 0.0000, 0.0000, 0.0000, 0.0000, 0.0000],\n",
      "        [0.5517, 0.4483, 0.0000, 0.0000, 0.0000, 0.0000],\n",
      "        [0.3800, 0.3097, 0.3103, 0.0000, 0.0000, 0.0000],\n",
      "        [0.2758, 0.2460, 0.2462, 0.2319, 0.0000, 0.0000],\n",
      "        [0.2175, 0.1983, 0.1984, 0.1888, 0.1971, 0.0000],\n",
      "        [0.1935, 0.1663, 0.1666, 0.1542, 0.1666, 0.1529]],\n",
      "       grad_fn=<DivBackward0>)\n"
     ]
    }
   ],
   "source": [
    "# step 4\n",
    "row_sums = masked_simple.sum(dim=-1, keepdim=True)\n",
    "masked_simple_norm = masked_simple / row_sums\n",
    "print(masked_simple_norm)"
   ]
  },
  {
   "cell_type": "markdown",
   "id": "3b6514c8",
   "metadata": {},
   "source": [
    "### More efficient method of obtaining the masked attention weights\n",
    "3 step process: un-normalized attention scores -> un-normalized mask attention scores -> normalized masked attention weights"
   ]
  },
  {
   "cell_type": "code",
   "execution_count": 30,
   "id": "61093f6b",
   "metadata": {},
   "outputs": [
    {
     "name": "stdout",
     "output_type": "stream",
     "text": [
      "tensor([[0.2899,   -inf,   -inf,   -inf,   -inf,   -inf],\n",
      "        [0.4656, 0.1723,   -inf,   -inf,   -inf,   -inf],\n",
      "        [0.4594, 0.1703, 0.1731,   -inf,   -inf,   -inf],\n",
      "        [0.2642, 0.1024, 0.1036, 0.0186,   -inf,   -inf],\n",
      "        [0.2183, 0.0874, 0.0882, 0.0177, 0.0786,   -inf],\n",
      "        [0.3408, 0.1270, 0.1290, 0.0198, 0.1290, 0.0078]],\n",
      "       grad_fn=<MaskedFillBackward0>)\n"
     ]
    }
   ],
   "source": [
    "# we can take advantage of softmax's exponential property by using -infinity above the diagonal instead of 0, since e^-infinity approaches 0\n",
    "mask = torch.triu(torch.ones(context_length, context_length), diagonal=1)\n",
    "masked = attn_scores.masked_fill(mask.bool(), -torch.inf)\n",
    "print(masked)"
   ]
  },
  {
   "cell_type": "code",
   "execution_count": 31,
   "id": "42c89088",
   "metadata": {},
   "outputs": [
    {
     "name": "stdout",
     "output_type": "stream",
     "text": [
      "tensor([[1.0000, 0.0000, 0.0000, 0.0000, 0.0000, 0.0000],\n",
      "        [0.5517, 0.4483, 0.0000, 0.0000, 0.0000, 0.0000],\n",
      "        [0.3800, 0.3097, 0.3103, 0.0000, 0.0000, 0.0000],\n",
      "        [0.2758, 0.2460, 0.2462, 0.2319, 0.0000, 0.0000],\n",
      "        [0.2175, 0.1983, 0.1984, 0.1888, 0.1971, 0.0000],\n",
      "        [0.1935, 0.1663, 0.1666, 0.1542, 0.1666, 0.1529]],\n",
      "       grad_fn=<SoftmaxBackward0>)\n"
     ]
    }
   ],
   "source": [
    "# Now we just apply softmax to these masked attention scores\n",
    "attn_weights = torch.softmax(masked / keys.shape[-1] ** 0.5, dim=1)\n",
    "print(attn_weights)"
   ]
  },
  {
   "cell_type": "markdown",
   "id": "9123e6a3",
   "metadata": {},
   "source": [
    "### Dropout on attention weights"
   ]
  },
  {
   "cell_type": "code",
   "execution_count": 32,
   "id": "e1ed6ce6",
   "metadata": {},
   "outputs": [
    {
     "data": {
      "text/plain": [
       "tensor([[1.0000, 0.0000, 0.0000, 0.0000, 0.0000, 0.0000],\n",
       "        [0.5517, 0.4483, 0.0000, 0.0000, 0.0000, 0.0000],\n",
       "        [0.3800, 0.3097, 0.3103, 0.0000, 0.0000, 0.0000],\n",
       "        [0.2758, 0.2460, 0.2462, 0.2319, 0.0000, 0.0000],\n",
       "        [0.2175, 0.1983, 0.1984, 0.1888, 0.1971, 0.0000],\n",
       "        [0.1935, 0.1663, 0.1666, 0.1542, 0.1666, 0.1529]],\n",
       "       grad_fn=<SoftmaxBackward0>)"
      ]
     },
     "execution_count": 32,
     "metadata": {},
     "output_type": "execute_result"
    }
   ],
   "source": [
    "# attention weights before dropout\n",
    "attn_weights"
   ]
  },
  {
   "cell_type": "code",
   "execution_count": 37,
   "id": "2b94e4dd",
   "metadata": {},
   "outputs": [
    {
     "name": "stdout",
     "output_type": "stream",
     "text": [
      "tensor([[2.0000, 0.0000, 0.0000, 0.0000, 0.0000, 0.0000],\n",
      "        [0.0000, 0.0000, 0.0000, 0.0000, 0.0000, 0.0000],\n",
      "        [0.7599, 0.6194, 0.6206, 0.0000, 0.0000, 0.0000],\n",
      "        [0.0000, 0.4921, 0.4925, 0.0000, 0.0000, 0.0000],\n",
      "        [0.0000, 0.3966, 0.0000, 0.3775, 0.0000, 0.0000],\n",
      "        [0.0000, 0.3327, 0.3331, 0.3084, 0.3331, 0.0000]],\n",
      "       grad_fn=<MulBackward0>)\n"
     ]
    }
   ],
   "source": [
    "# now applying softmax\n",
    "torch.manual_seed(123)\n",
    "dropout = torch.nn.Dropout(0.5)\n",
    "print(dropout(attn_weights))"
   ]
  },
  {
   "cell_type": "markdown",
   "id": "08eb861a",
   "metadata": {},
   "source": [
    "## Causal Attention class"
   ]
  },
  {
   "cell_type": "code",
   "execution_count": 44,
   "id": "1773159c",
   "metadata": {},
   "outputs": [
    {
     "name": "stdout",
     "output_type": "stream",
     "text": [
      "torch.Size([2, 6, 2])\n",
      "tensor([[[-0.4519,  0.2216],\n",
      "         [-0.5874,  0.0058],\n",
      "         [-0.6300, -0.0632],\n",
      "         [-0.5675, -0.0843],\n",
      "         [-0.5526, -0.0981],\n",
      "         [-0.5299, -0.1081]],\n",
      "\n",
      "        [[-0.4519,  0.2216],\n",
      "         [-0.5874,  0.0058],\n",
      "         [-0.6300, -0.0632],\n",
      "         [-0.5675, -0.0843],\n",
      "         [-0.5526, -0.0981],\n",
      "         [-0.5299, -0.1081]]], grad_fn=<UnsafeViewBackward0>)\n"
     ]
    }
   ],
   "source": [
    "from causal_attention import Causal_attention\n",
    "torch.manual_seed(123)\n",
    "\n",
    "batch = torch.stack((inputs, inputs), dim=0)\n",
    "\n",
    "context_length = batch.shape[1]\n",
    "ca = Causal_attention(d_in, d_out, context_length, 0.0)\n",
    "context_vecs = ca(batch)\n",
    "print(context_vecs.shape)\n",
    "print(context_vecs)"
   ]
  },
  {
   "cell_type": "markdown",
   "id": "1f509cf2",
   "metadata": {},
   "source": [
    "# Multi-head attention"
   ]
  },
  {
   "cell_type": "code",
   "execution_count": null,
   "id": "fcb0f6be",
   "metadata": {},
   "outputs": [
    {
     "name": "stdout",
     "output_type": "stream",
     "text": [
      "tensor([[[-0.4519,  0.2216,  0.4772,  0.1063],\n",
      "         [-0.5874,  0.0058,  0.5891,  0.3257],\n",
      "         [-0.6300, -0.0632,  0.6202,  0.3860],\n",
      "         [-0.5675, -0.0843,  0.5478,  0.3589],\n",
      "         [-0.5526, -0.0981,  0.5321,  0.3428],\n",
      "         [-0.5299, -0.1081,  0.5077,  0.3493]],\n",
      "\n",
      "        [[-0.4519,  0.2216,  0.4772,  0.1063],\n",
      "         [-0.5874,  0.0058,  0.5891,  0.3257],\n",
      "         [-0.6300, -0.0632,  0.6202,  0.3860],\n",
      "         [-0.5675, -0.0843,  0.5478,  0.3589],\n",
      "         [-0.5526, -0.0981,  0.5321,  0.3428],\n",
      "         [-0.5299, -0.1081,  0.5077,  0.3493]]], grad_fn=<CatBackward0>)\n",
      "torch.Size([2, 6, 4])\n"
     ]
    }
   ],
   "source": [
    "from causal_attention import MultiHeadAttentionWrapper\n",
    "torch.manual_seed(123)\n",
    "\n",
    "context_length = batch.shape[1]\n",
    "d_in, d_out = 3, 2\n",
    "\n",
    "mha = MultiHeadAttentionWrapper(\n",
    "    d_in, d_out, context_length, 0.0, num_heads=2\n",
    ")\n",
    "\n",
    "context_vecs = mha(batch)\n",
    "\n",
    "print(context_vecs)\n",
    "print(context_vecs.shape)"
   ]
  },
  {
   "cell_type": "markdown",
   "id": "f2207fb0",
   "metadata": {},
   "source": [
    "### Excercise 3.2 - Returning two-dimensional embedding vectors"
   ]
  },
  {
   "cell_type": "code",
   "execution_count": null,
   "id": "50d8f33f",
   "metadata": {},
   "outputs": [
    {
     "name": "stdout",
     "output_type": "stream",
     "text": [
      "tensor([[[-0.1530,  0.6575],\n",
      "         [-0.2551,  0.6564],\n",
      "         [-0.2885,  0.6537],\n",
      "         [-0.2619,  0.5649],\n",
      "         [-0.2745,  0.5175],\n",
      "         [-0.2543,  0.4996]],\n",
      "\n",
      "        [[-0.1530,  0.6575],\n",
      "         [-0.2551,  0.6564],\n",
      "         [-0.2885,  0.6537],\n",
      "         [-0.2619,  0.5649],\n",
      "         [-0.2745,  0.5175],\n",
      "         [-0.2543,  0.4996]]], grad_fn=<CatBackward0>)\n",
      "torch.Size([2, 6, 2])\n"
     ]
    }
   ],
   "source": [
    "# output embedding 3rd dimension = d_out * num_heads, simply half the output dimension to get \n",
    "mha = MultiHeadAttentionWrapper(\n",
    "    d_in, d_out=1, context_length=6, dropout=0.0, num_heads=2\n",
    ")\n",
    "\n",
    "context_vecs = mha(batch)\n",
    "print(context_vecs)\n",
    "print(context_vecs.shape)"
   ]
  },
  {
   "cell_type": "markdown",
   "id": "878926f2",
   "metadata": {},
   "source": [
    "### Testing Multi-head attention class"
   ]
  },
  {
   "cell_type": "code",
   "execution_count": 59,
   "id": "14221397",
   "metadata": {},
   "outputs": [
    {
     "name": "stdout",
     "output_type": "stream",
     "text": [
      "tensor([[[0.3190, 0.4858],\n",
      "         [0.2943, 0.3897],\n",
      "         [0.2856, 0.3593],\n",
      "         [0.2693, 0.3873],\n",
      "         [0.2639, 0.3928],\n",
      "         [0.2575, 0.4028]],\n",
      "\n",
      "        [[0.3190, 0.4858],\n",
      "         [0.2943, 0.3897],\n",
      "         [0.2856, 0.3593],\n",
      "         [0.2693, 0.3873],\n",
      "         [0.2639, 0.3928],\n",
      "         [0.2575, 0.4028]]], grad_fn=<ViewBackward0>)\n",
      "torch.Size([2, 6, 2])\n"
     ]
    }
   ],
   "source": [
    "from multi_head_attention import MultiHeadAttention\n",
    "torch.manual_seed(123)\n",
    "\n",
    "batch_size, context_length, d_in = batch.shape\n",
    "d_out = 2\n",
    "\n",
    "mha = MultiHeadAttention(\n",
    "    d_in, d_out, context_length, num_heads=2, dropout=0.0\n",
    ")\n",
    "\n",
    "context_vecs = mha(batch)\n",
    "\n",
    "print(context_vecs)\n",
    "print(context_vecs.shape)"
   ]
  },
  {
   "cell_type": "markdown",
   "id": "9c244252",
   "metadata": {},
   "source": [
    "# Excercise 3.3 - GPT2 sized attention modules"
   ]
  },
  {
   "cell_type": "code",
   "execution_count": 64,
   "id": "c6c1b8bc",
   "metadata": {},
   "outputs": [
    {
     "name": "stdout",
     "output_type": "stream",
     "text": [
      "Number of parameters in the tiny gpt2 muti-head attention block: 2360064\n"
     ]
    }
   ],
   "source": [
    "# input and output dimensions are the same in gpt2 architecture\n",
    "gpt2 = MultiHeadAttention(d_in=768, d_out=768, context_length=1024, num_heads=12, dropout=0.0)\n",
    "\n",
    "def count_parameters(model):\n",
    "    return sum(p.numel() for p in model.parameters() if p.requires_grad)\n",
    "\n",
    "p_count = count_parameters(gpt2)\n",
    "print(f\"Number of parameters in the tiny gpt2 muti-head attention block: {p_count}\")"
   ]
  }
 ],
 "metadata": {
  "kernelspec": {
   "display_name": ".venv (3.12.12)",
   "language": "python",
   "name": "python3"
  },
  "language_info": {
   "codemirror_mode": {
    "name": "ipython",
    "version": 3
   },
   "file_extension": ".py",
   "mimetype": "text/x-python",
   "name": "python",
   "nbconvert_exporter": "python",
   "pygments_lexer": "ipython3",
   "version": "3.12.12"
  }
 },
 "nbformat": 4,
 "nbformat_minor": 5
}
